# DATA=SAXS PRIOR=GAUSS
  3.725569e-02   2.879065e+00   2.897540e-01
  4.194901e-02   3.024927e+00   1.821833e-01
  4.664234e-02   3.234187e+00   1.452437e-01
  5.133567e-02   3.046680e+00   1.186733e-01
  5.602899e-02   3.106670e+00   9.813515e-02
  6.072232e-02   3.071315e+00   7.813898e-02
  6.541565e-02   3.085278e+00   7.080427e-02
  7.010897e-02   3.277371e+00   6.119374e-02
  7.480230e-02   3.220847e+00   5.733103e-02
  7.949563e-02   3.225745e+00   4.786137e-02
  8.418895e-02   3.162921e+00   4.235437e-02
  8.888228e-02   3.117542e+00   4.226625e-02
  9.357561e-02   3.138837e+00   3.878911e-02
  9.826893e-02   3.191681e+00   3.527612e-02
  1.029623e-01   3.142838e+00   3.058339e-02
  1.076556e-01   3.199279e+00   3.221133e-02
  1.123489e-01   3.231336e+00   3.012241e-02
  1.170422e-01   3.141208e+00   2.754431e-02
  1.217356e-01   3.159885e+00   2.582111e-02
  1.264289e-01   3.184620e+00   2.592731e-02
  1.311222e-01   3.170178e+00   2.480544e-02
  1.358155e-01   3.150095e+00   2.430638e-02
  1.405089e-01   3.157202e+00   2.270704e-02
  1.452022e-01   3.185958e+00   2.269918e-02
  1.498955e-01   3.120093e+00   2.172244e-02
  1.545888e-01   3.138132e+00   2.151535e-02
  1.592822e-01   3.141325e+00   2.077004e-02
  1.639755e-01   3.145315e+00   1.957036e-02
  1.686688e-01   3.130165e+00   1.994616e-02
  1.733622e-01   3.121537e+00   1.975411e-02
  1.780555e-01   3.099844e+00   1.873466e-02
  1.827488e-01   3.112804e+00   1.828851e-02
  1.874421e-01   3.103726e+00   1.818180e-02
  1.921355e-01   3.127246e+00   1.829602e-02
  1.968288e-01   3.077555e+00   1.798982e-02
  2.015221e-01   3.124893e+00   1.735364e-02
  2.062154e-01   3.091733e+00   1.652782e-02
  2.109088e-01   3.116631e+00   1.694167e-02
  2.156021e-01   3.122903e+00   1.702483e-02
  2.202954e-01   3.102887e+00   1.623920e-02
  2.249887e-01   3.105833e+00   1.577567e-02
  2.296821e-01   3.089877e+00   1.599347e-02
  2.343754e-01   3.076845e+00   1.611129e-02
  2.390687e-01   3.111903e+00   1.562226e-02
  2.437621e-01   3.064094e+00   1.525241e-02
  2.484554e-01   3.077998e+00   1.533484e-02
  2.531487e-01   3.039362e+00   1.526551e-02
  2.578420e-01   3.046194e+00   1.479353e-02
  2.625354e-01   3.038234e+00   1.424265e-02
  2.672287e-01   3.064503e+00   1.464168e-02
  2.719220e-01   3.044258e+00   1.459794e-02
  2.766153e-01   3.040907e+00   1.429460e-02
  2.813087e-01   3.030625e+00   1.386712e-02
  2.860020e-01   3.039609e+00   1.364523e-02
  2.906953e-01   3.025566e+00   1.421404e-02
  2.953886e-01   3.022552e+00   1.400303e-02
  3.000820e-01   3.047537e+00   1.328143e-02
  3.047753e-01   3.017555e+00   1.332636e-02
  3.094686e-01   2.990438e+00   1.328315e-02
  3.141619e-01   2.996267e+00   1.369326e-02
  3.188553e-01   2.968405e+00   1.271051e-02
  3.235486e-01   2.984661e+00   1.293395e-02
  3.282419e-01   2.961343e+00   1.289510e-02
  3.329353e-01   2.951707e+00   1.314498e-02
  3.376286e-01   2.958624e+00   1.238499e-02
  3.423219e-01   2.982770e+00   1.253756e-02
  3.470152e-01   2.975711e+00   1.264161e-02
  3.517086e-01   2.933487e+00   1.325997e-02
  3.564019e-01   2.948213e+00   1.307381e-02
  3.610952e-01   2.940404e+00   1.301141e-02
  3.657885e-01   2.935380e+00   1.347796e-02
  3.704819e-01   2.938124e+00   1.373952e-02
  3.751752e-01   2.937855e+00   1.409269e-02
  3.798685e-01   2.904537e+00   1.338001e-02
  3.845618e-01   2.908492e+00   1.405884e-02
  3.892552e-01   2.891929e+00   1.392461e-02
  3.939485e-01   2.898658e+00   1.422704e-02
  3.986418e-01   2.882999e+00   1.433848e-02
  4.033351e-01   2.905171e+00   1.498606e-02
  4.080285e-01   2.869329e+00   1.524281e-02
  4.127218e-01   2.856522e+00   1.540743e-02
  4.174151e-01   2.844465e+00   1.561751e-02
  4.221085e-01   2.853106e+00   1.596808e-02
  4.268018e-01   2.859440e+00   1.651442e-02
  4.314951e-01   2.821567e+00   1.679167e-02
  4.361884e-01   2.818922e+00   1.680374e-02
  4.408818e-01   2.796186e+00   1.702093e-02
  4.455751e-01   2.785420e+00   1.745235e-02
  4.502684e-01   2.797701e+00   1.735464e-02
  4.549617e-01   2.767149e+00   1.774366e-02
  4.596551e-01   2.766126e+00   1.720549e-02
  4.643484e-01   2.814833e+00   1.703594e-02
  4.690417e-01   2.762475e+00   1.658848e-02
  4.737350e-01   2.751529e+00   1.611828e-02
  4.784284e-01   2.744302e+00   1.616016e-02
  4.831217e-01   2.736294e+00   1.608424e-02
  4.878150e-01   2.784509e+00   1.586692e-02
  4.925083e-01   2.684668e+00   1.599410e-02
  4.972017e-01   2.733219e+00   1.585341e-02
  5.018950e-01   2.712018e+00   1.521260e-02
  5.065883e-01   2.706649e+00   1.540457e-02
  5.112817e-01   2.681884e+00   1.572483e-02
  5.159750e-01   2.672080e+00   1.562006e-02
  5.206683e-01   2.689407e+00   1.477715e-02
  5.253616e-01   2.668465e+00   1.518381e-02
  5.300550e-01   2.645508e+00   1.540604e-02
  5.347483e-01   2.653322e+00   1.516482e-02
  5.394416e-01   2.645779e+00   1.462853e-02
  5.441349e-01   2.622294e+00   1.477042e-02
  5.488283e-01   2.627419e+00   1.482957e-02
  5.535216e-01   2.618797e+00   1.485681e-02
  5.582149e-01   2.576184e+00   1.409907e-02
  5.629082e-01   2.588948e+00   1.433712e-02
  5.676016e-01   2.588820e+00   1.435233e-02
  5.722949e-01   2.577613e+00   1.446068e-02
  5.769882e-01   2.553707e+00   1.397642e-02
  5.816816e-01   2.566678e+00   1.393836e-02
  5.863749e-01   2.545343e+00   1.396115e-02
  5.910682e-01   2.574048e+00   1.452094e-02
  5.957615e-01   2.530841e+00   1.382247e-02
  6.004549e-01   2.545991e+00   1.370853e-02
  6.051482e-01   2.521070e+00   1.389721e-02
  6.098415e-01   2.492063e+00   1.405073e-02
  6.145348e-01   2.517677e+00   1.357364e-02
  6.192282e-01   2.479722e+00   1.349786e-02
  6.239215e-01   2.485584e+00   1.369356e-02
  6.286148e-01   2.429241e+00   1.369703e-02
  6.333081e-01   2.483456e+00   1.388408e-02
  6.380015e-01   2.469166e+00   1.320626e-02
  6.426948e-01   2.439051e+00   1.368294e-02
  6.473881e-01   2.453183e+00   1.362092e-02
  6.520814e-01   2.437085e+00   1.364643e-02
  6.567748e-01   2.411571e+00   1.324214e-02
  6.614681e-01   2.431668e+00   1.318013e-02
  6.661614e-01   2.446700e+00   1.335272e-02
  6.708548e-01   2.388864e+00   1.352088e-02
  6.755481e-01   2.385366e+00   1.317142e-02
  6.802414e-01   2.384554e+00   1.305442e-02
  6.849347e-01   2.367229e+00   1.328582e-02
  6.896281e-01   2.369157e+00   1.335130e-02
  6.943214e-01   2.361869e+00   1.313972e-02
  6.990147e-01   2.357587e+00   1.287248e-02
  7.037080e-01   2.336968e+00   1.306390e-02
  7.084014e-01   2.310500e+00   1.301044e-02
  7.130947e-01   2.322153e+00   1.308204e-02
  7.177880e-01   2.312535e+00   1.272189e-02
  7.224813e-01   2.279970e+00   1.278035e-02
  7.271747e-01   2.298337e+00   1.299680e-02
  7.318680e-01   2.281862e+00   1.291897e-02
  7.365613e-01   2.275679e+00   1.275916e-02
  7.412546e-01   2.277352e+00   1.259586e-02
  7.459480e-01   2.260445e+00   1.284056e-02
  7.506413e-01   2.262677e+00   1.273607e-02
  7.553346e-01   2.253906e+00   1.274914e-02
  7.600280e-01   2.214811e+00   1.245836e-02
  7.647213e-01   2.203555e+00   1.248834e-02
  7.694146e-01   2.211624e+00   1.274560e-02
  7.741079e-01   2.208125e+00   1.254002e-02
  7.788013e-01   2.204025e+00   1.227551e-02
  7.834946e-01   2.173046e+00   1.236420e-02
  7.881879e-01   2.172614e+00   1.263213e-02
  7.928812e-01   2.151674e+00   1.243094e-02
  7.975746e-01   2.156288e+00   1.217185e-02
  8.022679e-01   2.158258e+00   1.224293e-02
  8.069612e-01   2.144733e+00   1.245710e-02
  8.116545e-01   2.123656e+00   1.236430e-02
  8.163479e-01   2.125170e+00   1.205412e-02
  8.210412e-01   2.103240e+00   1.201547e-02
  8.257345e-01   2.104544e+00   1.229563e-02
  8.304279e-01   2.094959e+00   1.209378e-02
  8.351212e-01   2.107029e+00   1.222867e-02
  8.398145e-01   2.071362e+00   1.184147e-02
  8.445078e-01   2.088753e+00   1.208491e-02
  8.492012e-01   2.052500e+00   1.209297e-02
  8.538945e-01   2.049298e+00   1.204139e-02
  8.585878e-01   2.038974e+00   1.173494e-02
  8.632811e-01   2.058179e+00   1.180554e-02
  8.679745e-01   2.034019e+00   1.201075e-02
  8.726678e-01   2.031588e+00   1.196287e-02
  8.773611e-01   1.970356e+00   1.155241e-02
  8.820544e-01   1.992778e+00   1.169664e-02
  8.867478e-01   1.994038e+00   1.190878e-02
  8.914411e-01   1.984539e+00   1.179899e-02
  8.961344e-01   1.976796e+00   1.153728e-02
  9.008277e-01   1.972328e+00   1.158437e-02
  9.055211e-01   1.975093e+00   1.176363e-02
  9.102144e-01   1.961079e+00   1.162093e-02
  9.149077e-01   1.936113e+00   1.150335e-02
  9.196011e-01   1.946494e+00   1.153048e-02
  9.242944e-01   1.917040e+00   1.144726e-02
  9.289877e-01   1.923480e+00   1.167349e-02
  9.336810e-01   1.888563e+00   1.159959e-02
  9.383744e-01   1.900445e+00   1.105033e-02
  9.430677e-01   1.864283e+00   1.144143e-02
  9.477610e-01   1.861648e+00   1.143842e-02
  9.524543e-01   1.876191e+00   1.141583e-02
  9.571477e-01   1.863971e+00   1.108314e-02
  9.618410e-01   1.850737e+00   1.128229e-02
  9.665343e-01   1.847708e+00   1.140006e-02
  9.712276e-01   1.827389e+00   1.129293e-02
  9.759210e-01   1.813528e+00   1.097704e-02
  9.806143e-01   1.836242e+00   1.110833e-02
  9.853076e-01   1.794170e+00   1.125216e-02
  9.900009e-01   1.799436e+00   1.117738e-02
  9.946943e-01   1.806598e+00   1.097033e-02
  9.993876e-01   1.780710e+00   1.100442e-02
  1.004081e+00   1.779673e+00   1.105400e-02
  1.008774e+00   1.779959e+00   1.117548e-02
  1.013468e+00   1.767296e+00   1.094075e-02
  1.018161e+00   1.750598e+00   1.076358e-02
  1.022854e+00   1.748285e+00   1.101032e-02
  1.027548e+00   1.739515e+00   1.097593e-02
  1.032241e+00   1.738689e+00   1.099309e-02
  1.036934e+00   1.735106e+00   1.068475e-02
  1.041628e+00   1.729030e+00   1.086780e-02
  1.046321e+00   1.712257e+00   1.077666e-02
  1.051014e+00   1.709102e+00   1.086907e-02
  1.055708e+00   1.690753e+00   1.064076e-02
  1.060401e+00   1.686124e+00   1.070326e-02
  1.065094e+00   1.673729e+00   1.068212e-02
  1.069787e+00   1.663352e+00   1.081319e-02
  1.074481e+00   1.662990e+00   1.055522e-02
  1.079174e+00   1.645730e+00   1.052056e-02
  1.083867e+00   1.652310e+00   1.066627e-02
  1.088561e+00   1.624815e+00   1.064656e-02
  1.093254e+00   1.619932e+00   1.052718e-02
  1.097947e+00   1.627456e+00   1.040990e-02
  1.102641e+00   1.596929e+00   1.048252e-02
  1.107334e+00   1.605716e+00   1.057140e-02
  1.112027e+00   1.598778e+00   1.052437e-02
  1.116721e+00   1.601184e+00   1.027067e-02
  1.121414e+00   1.585628e+00   1.040057e-02
  1.126107e+00   1.569603e+00   1.040374e-02
  1.130801e+00   1.550485e+00   1.047729e-02
  1.135494e+00   1.554126e+00   1.023009e-02
  1.140187e+00   1.553495e+00   1.020298e-02
  1.144881e+00   1.555864e+00   1.038383e-02
  1.149574e+00   1.539629e+00   1.034276e-02
  1.154267e+00   1.535816e+00   1.012718e-02
  1.158961e+00   1.507817e+00   1.011939e-02
  1.163654e+00   1.524252e+00   1.028027e-02
  1.168347e+00   1.497090e+00   1.039405e-02
  1.173041e+00   1.496949e+00   1.004565e-02
  1.177734e+00   1.485121e+00   1.002349e-02
  1.182427e+00   1.467611e+00   1.007717e-02
  1.187121e+00   1.480930e+00   1.027815e-02
  1.191814e+00   1.477432e+00   1.012562e-02
  1.196507e+00   1.478307e+00   9.856806e-03
  1.201201e+00   1.468433e+00   1.025006e-02
  1.205894e+00   1.445796e+00   1.062526e-02
  1.210587e+00   1.438152e+00   1.072154e-02
  1.215281e+00   1.441622e+00   1.070234e-02
  1.219974e+00   1.435957e+00   1.091230e-02
  1.224667e+00   1.407973e+00   1.118707e-02
  1.229361e+00   1.430916e+00   1.117455e-02
  1.234054e+00   1.412295e+00   1.105178e-02
  1.238747e+00   1.388994e+00   1.139333e-02
  1.243441e+00   1.401826e+00   1.150235e-02
  1.248134e+00   1.396084e+00   1.155793e-02
  1.252827e+00   1.393917e+00   1.129491e-02
  1.257521e+00   1.370480e+00   1.156333e-02
  1.262214e+00   1.368868e+00   1.167880e-02
  1.266907e+00   1.370820e+00   1.131596e-02
  1.271601e+00   1.376165e+00   1.081310e-02
  1.276294e+00   1.367312e+00   1.054478e-02
  1.280987e+00   1.346987e+00   1.053824e-02
  1.285681e+00   1.350377e+00   1.050536e-02
  1.290374e+00   1.331409e+00   1.038457e-02
  1.295067e+00   1.325489e+00   9.955365e-03
  1.299760e+00   1.302323e+00   1.021707e-02
  1.304454e+00   1.315621e+00   1.006772e-02
  1.309147e+00   1.294292e+00   1.004271e-02
  1.313840e+00   1.294790e+00   9.779601e-03
  1.318534e+00   1.287821e+00   9.901908e-03
  1.323227e+00   1.297221e+00   9.816699e-03
  1.327920e+00   1.270705e+00   9.922123e-03
  1.332614e+00   1.266313e+00   9.668080e-03
  1.337307e+00   1.273120e+00   9.708188e-03
  1.342000e+00   1.269041e+00   9.775696e-03
  1.346694e+00   1.267853e+00   9.779377e-03
  1.351387e+00   1.238398e+00   9.698212e-03
  1.356080e+00   1.240723e+00   9.540142e-03
  1.360774e+00   1.241804e+00   9.621960e-03
  1.365467e+00   1.230958e+00   9.734915e-03
  1.370160e+00   1.228921e+00   9.645759e-03
  1.374854e+00   1.216566e+00   9.452803e-03
  1.379547e+00   1.227145e+00   9.506486e-03
  1.384240e+00   1.219887e+00   9.496295e-03
  1.388934e+00   1.186531e+00   9.603811e-03
  1.393627e+00   1.191953e+00   9.397239e-03
  1.398320e+00   1.200817e+00   9.376021e-03
  1.403014e+00   1.199949e+00   9.473821e-03
  1.407707e+00   1.184613e+00   9.501919e-03
  1.412400e+00   1.157161e+00   9.352931e-03
  1.417094e+00   1.154832e+00   9.201448e-03
  1.421787e+00   1.167977e+00   9.468695e-03
  1.426480e+00   1.169981e+00   9.413070e-03
  1.431174e+00   1.166046e+00   9.297581e-03
  1.435867e+00   1.147942e+00   9.154055e-03
  1.440560e+00   1.144158e+00   9.284156e-03
  1.445254e+00   1.138690e+00   9.334924e-03
  1.449947e+00   1.158336e+00   9.374112e-03
  1.454640e+00   1.115267e+00   8.995913e-03
  1.459334e+00   1.121701e+00   9.148554e-03
  1.464027e+00   1.104316e+00   9.266524e-03
  1.468720e+00   1.107635e+00   9.264116e-03
  1.473414e+00   1.114425e+00   8.991880e-03
  1.478107e+00   1.093926e+00   9.043426e-03
  1.482800e+00   1.086842e+00   9.221135e-03
  1.487494e+00   1.082881e+00   9.189112e-03
  1.492187e+00   1.067059e+00   8.916538e-03
  1.496880e+00   1.081848e+00   9.199074e-03
  1.501574e+00   1.067439e+00   9.522251e-03
  1.506267e+00   1.079981e+00   9.754615e-03
  1.510960e+00   1.068711e+00   9.654774e-03
  1.515654e+00   1.060705e+00   9.763574e-03
  1.520347e+00   1.052085e+00   9.995443e-03
  1.525040e+00   1.015959e+00   9.814323e-03
  1.529733e+00   1.044940e+00   9.522708e-03
  1.534427e+00   1.025809e+00   9.305171e-03
  1.539120e+00   1.039550e+00   9.303067e-03
  1.543813e+00   1.039154e+00   9.379137e-03
  1.548507e+00   1.018027e+00   9.199678e-03
  1.553200e+00   1.015818e+00   8.919702e-03
  1.557893e+00   1.022611e+00   8.896333e-03
  1.562587e+00   1.000331e+00   8.975950e-03
  1.567280e+00   9.864177e-01   8.876866e-03
  1.571973e+00   9.956300e-01   8.668144e-03
  1.576667e+00   1.002123e+00   8.799820e-03
  1.581360e+00   9.776241e-01   8.906837e-03
  1.586053e+00   9.777225e-01   8.930613e-03
  1.590747e+00   9.860399e-01   8.709735e-03
  1.595440e+00   9.680409e-01   8.803904e-03
  1.600133e+00   9.683418e-01   8.843528e-03
  1.604827e+00   9.616134e-01   8.834597e-03
  1.609520e+00   9.718208e-01   8.783551e-03
  1.614213e+00   9.494761e-01   8.628171e-03
  1.618907e+00   9.469309e-01   8.774384e-03
  1.623600e+00   9.451753e-01   8.724525e-03
  1.628293e+00   9.399708e-01   8.847897e-03
  1.632987e+00   9.366582e-01   8.451779e-03
  1.637680e+00   9.370351e-01   8.735599e-03
  1.642373e+00   9.334430e-01   8.675447e-03
  1.647067e+00   9.310613e-01   8.766492e-03
  1.651760e+00   9.171276e-01   8.415013e-03
  1.656453e+00   9.215151e-01   8.617717e-03
  1.661147e+00   9.158569e-01   8.621471e-03
  1.665840e+00   9.153944e-01   8.665059e-03
  1.670533e+00   9.087274e-01   8.456631e-03
  1.675227e+00   9.060156e-01   8.487247e-03
  1.679920e+00   8.881753e-01   8.524401e-03
  1.684613e+00   9.120341e-01   8.605237e-03
  1.689307e+00   8.992493e-01   8.491232e-03
  1.694000e+00   9.006699e-01   8.397451e-03
  1.698693e+00   8.918335e-01   8.474066e-03
  1.703387e+00   8.675988e-01   8.495971e-03
  1.708080e+00   8.707498e-01   8.440635e-03
  1.712773e+00   8.651587e-01   8.268462e-03
  1.717467e+00   8.850759e-01   8.492736e-03
  1.722160e+00   8.674839e-01   8.341123e-03
  1.726853e+00   8.622658e-01   8.542021e-03
  1.731547e+00   8.511013e-01   8.186125e-03
  1.736240e+00   8.446972e-01   8.291688e-03
  1.740933e+00   8.357605e-01   8.375592e-03
  1.745626e+00   8.403612e-01   8.415816e-03
  1.750320e+00   8.317439e-01   8.195072e-03
  1.755013e+00   8.302064e-01   8.214786e-03
  1.759706e+00   8.230214e-01   8.338631e-03
  1.764400e+00   8.391285e-01   8.305819e-03
  1.769093e+00   8.163924e-01   8.204946e-03
  1.773786e+00   8.155433e-01   8.168892e-03
  1.778480e+00   8.095930e-01   8.251258e-03
  1.783173e+00   8.150740e-01   8.231497e-03
  1.787866e+00   7.937527e-01   8.217711e-03
  1.792560e+00   8.075803e-01   8.096626e-03
  1.797253e+00   8.112989e-01   8.214250e-03
  1.801946e+00   7.978471e-01   8.147327e-03
  1.806640e+00   7.983466e-01   8.278390e-03
  1.811333e+00   7.838695e-01   7.974294e-03
  1.816026e+00   7.935404e-01   8.077459e-03
  1.820720e+00   7.851178e-01   8.148115e-03
  1.825413e+00   7.616465e-01   8.207493e-03
  1.830106e+00   7.745521e-01   7.936265e-03
  1.834800e+00   7.733427e-01   8.023728e-03
  1.839493e+00   7.769406e-01   8.090604e-03
  1.844186e+00   7.693622e-01   8.143055e-03
  1.848880e+00   7.599474e-01   7.933247e-03
  1.853573e+00   7.661996e-01   7.968576e-03
  1.858266e+00   7.609075e-01   8.044407e-03
  1.862960e+00   7.562746e-01   8.043598e-03
  1.867653e+00   7.527030e-01   7.912987e-03
  1.872346e+00   7.419864e-01   7.925463e-03
  1.877040e+00   7.493019e-01   7.966085e-03
  1.881733e+00   7.329572e-01   7.972192e-03
  1.886426e+00   7.388754e-01   7.963410e-03
  1.891120e+00   7.370682e-01   7.835935e-03
  1.895813e+00   7.296826e-01   7.861342e-03
  1.900506e+00   7.265521e-01   7.970445e-03
  1.905200e+00   7.106076e-01   7.948336e-03
  1.909893e+00   7.197897e-01   7.721049e-03
  1.914586e+00   7.246407e-01   7.865247e-03
  1.919280e+00   7.231986e-01   7.870195e-03
  1.923973e+00   7.220292e-01   7.859538e-03
  1.928666e+00   7.075200e-01   7.719191e-03
  1.933360e+00   7.059776e-01   7.753244e-03
  1.938053e+00   7.016602e-01   7.769883e-03
  1.942746e+00   6.890565e-01   7.785215e-03
  1.947440e+00   6.842473e-01   7.675446e-03
  1.952133e+00   6.988092e-01   7.677676e-03
  1.956826e+00   6.893340e-01   7.736330e-03
  1.961520e+00   6.882970e-01   7.742278e-03
  1.966213e+00   6.929484e-01   7.683340e-03
  1.970906e+00   6.862016e-01   7.645367e-03
  1.975599e+00   6.757361e-01   7.705739e-03
  1.980293e+00   6.666105e-01   7.729143e-03
  1.984986e+00   6.790779e-01   7.761282e-03
  1.989679e+00   6.691363e-01   7.572493e-03
  1.994373e+00   6.752259e-01   7.720395e-03
  1.999066e+00   6.568082e-01   7.622813e-03
  2.003759e+00   6.769348e-01   7.755912e-03
  2.008453e+00   6.761821e-01   7.860894e-03
  2.013146e+00   6.418909e-01   8.085368e-03
  2.017839e+00   6.491860e-01   8.133630e-03
  2.022533e+00   6.458296e-01   8.257224e-03
  2.027226e+00   6.593768e-01   8.283899e-03
  2.031919e+00   6.309873e-01   8.392873e-03
  2.036613e+00   6.306835e-01   8.363281e-03
  2.041306e+00   6.431110e-01   8.441356e-03
  2.045999e+00   6.500175e-01   8.464722e-03
  2.050693e+00   6.448413e-01   8.504958e-03
  2.055386e+00   6.236972e-01   8.495046e-03
  2.060079e+00   6.250516e-01   8.512913e-03
  2.064773e+00   6.288909e-01   8.558322e-03
  2.069466e+00   6.401052e-01   8.418106e-03
  2.074159e+00   6.233106e-01   8.188308e-03
  2.078853e+00   6.308627e-01   8.078759e-03
  2.083546e+00   6.134732e-01   8.015125e-03
  2.088239e+00   6.176865e-01   7.775308e-03
  2.092933e+00   5.868150e-01   7.786543e-03
  2.097626e+00   6.187984e-01   7.762882e-03
  2.102319e+00   6.120906e-01   7.801069e-03
  2.107013e+00   6.066368e-01   7.593278e-03
  2.111706e+00   5.903213e-01   7.653371e-03
  2.116399e+00   6.018754e-01   7.698860e-03
  2.121093e+00   6.012697e-01   7.657147e-03
  2.125786e+00   5.856826e-01   7.551599e-03
  2.130479e+00   5.867887e-01   7.619856e-03
  2.135173e+00   5.819075e-01   7.555229e-03
  2.139866e+00   6.012347e-01   7.583849e-03
  2.144559e+00   5.811168e-01   7.562598e-03
  2.149253e+00   5.804314e-01   7.513456e-03
  2.153946e+00   5.716719e-01   7.511341e-03
  2.158639e+00   5.785316e-01   7.535445e-03
  2.163333e+00   5.735287e-01   7.531863e-03
  2.168026e+00   5.708452e-01   7.457458e-03
  2.172719e+00   5.864070e-01   7.467674e-03
  2.177413e+00   5.540117e-01   7.442278e-03
  2.182106e+00   5.674537e-01   7.520473e-03
  2.186799e+00   5.665414e-01   7.331543e-03
  2.191493e+00   5.617809e-01   7.423062e-03
  2.196186e+00   5.665239e-01   7.414472e-03
  2.200879e+00   5.562035e-01   7.488742e-03
  2.205572e+00   5.418647e-01   7.270360e-03
  2.210266e+00   5.484119e-01   7.371787e-03
  2.214959e+00   5.574021e-01   7.405557e-03
  2.219652e+00   5.471772e-01   7.404235e-03
  2.224346e+00   5.436076e-01   7.236463e-03
  2.229039e+00   5.474693e-01   7.344685e-03
  2.233732e+00   5.353914e-01   7.356878e-03
  2.238426e+00   5.377429e-01   7.313649e-03
  2.243119e+00   5.435648e-01   7.261176e-03
  2.247812e+00   5.350545e-01   7.267892e-03
  2.252506e+00   5.287848e-01   7.268326e-03
  2.257199e+00   5.371081e-01   7.314756e-03
  2.261892e+00   5.430010e-01   7.270289e-03
  2.266586e+00   5.173496e-01   7.150046e-03
  2.271279e+00   5.249260e-01   7.249919e-03
  2.275972e+00   5.221801e-01   7.270673e-03
  2.280666e+00   5.267205e-01   7.268241e-03
  2.285359e+00   5.217683e-01   7.103567e-03
  2.290052e+00   5.115813e-01   7.201351e-03
  2.294746e+00   5.093788e-01   7.203128e-03
  2.299439e+00   5.073720e-01   7.244278e-03
  2.304132e+00   5.108997e-01   7.047415e-03
  2.308826e+00   5.226066e-01   7.173738e-03
  2.313519e+00   5.123797e-01   7.151616e-03
  2.318212e+00   5.003554e-01   7.181099e-03
  2.322906e+00   5.003350e-01   7.043703e-03
  2.327599e+00   4.972308e-01   7.124142e-03
  2.332292e+00   4.980798e-01   7.160012e-03
  2.336986e+00   5.049406e-01   7.153059e-03
  2.341679e+00   4.985764e-01   7.041442e-03
  2.346372e+00   4.912230e-01   7.028860e-03
  2.351066e+00   4.838315e-01   7.133606e-03
  2.355759e+00   4.962697e-01   7.061081e-03
  2.360452e+00   4.912240e-01   7.051639e-03
  2.365146e+00   4.821353e-01   6.947673e-03
  2.369839e+00   4.851412e-01   7.093431e-03
  2.374532e+00   4.748189e-01   7.068814e-03
  2.379226e+00   4.828169e-01   7.005314e-03
  2.383919e+00   4.718423e-01   6.946279e-03
  2.388612e+00   4.897352e-01   7.045070e-03
  2.393306e+00   4.805219e-01   7.011218e-03
  2.397999e+00   4.744255e-01   7.025315e-03
  2.402692e+00   4.668880e-01   6.904739e-03
  2.407386e+00   4.659776e-01   6.965868e-03
  2.412079e+00   4.732726e-01   6.978653e-03
  2.416772e+00   4.698880e-01   6.982079e-03
  2.421466e+00   4.650438e-01   6.883766e-03
  2.426159e+00   4.629873e-01   6.904565e-03
  2.430852e+00   4.865764e-01   7.005238e-03
  2.435545e+00   4.565472e-01   6.916463e-03
  2.440239e+00   4.594255e-01   6.903921e-03
  2.444932e+00   4.566290e-01   6.879459e-03
  2.449625e+00   4.510876e-01   6.900653e-03
  2.454319e+00   4.634460e-01   6.922976e-03
  2.459012e+00   4.493768e-01   6.905203e-03
  2.463705e+00   4.543204e-01   6.782391e-03
  2.468399e+00   4.555297e-01   6.858514e-03
  2.473092e+00   4.548608e-01   6.902807e-03
  2.477785e+00   4.413437e-01   6.891887e-03
  2.482479e+00   4.532950e-01   6.755132e-03
  2.487172e+00   4.456728e-01   6.823900e-03
  2.491865e+00   4.472093e-01   6.873672e-03
  2.496559e+00   4.477712e-01   6.825894e-03
  2.501252e+00   4.540214e-01   6.769478e-03
  2.505945e+00   4.419864e-01   6.751021e-03
  2.510639e+00   4.323087e-01   6.818198e-03
  2.515332e+00   4.355239e-01   6.781036e-03
  2.520025e+00   4.379094e-01   6.725988e-03
  2.524719e+00   4.243827e-01   6.687672e-03
  2.529412e+00   4.400029e-01   6.757937e-03
  2.534105e+00   4.158062e-01   6.792477e-03
  2.538799e+00   4.400574e-01   6.697066e-03
  2.543492e+00   4.231198e-01   6.646090e-03
  2.548185e+00   4.181675e-01   6.694691e-03
  2.552879e+00   4.171782e-01   6.799414e-03
  2.557572e+00   4.174041e-01   6.730918e-03
  2.562265e+00   4.126621e-01   6.572261e-03
  2.566959e+00   4.060107e-01   6.697713e-03
  2.571652e+00   4.109591e-01   6.739273e-03
  2.576345e+00   4.259348e-01   6.772584e-03
  2.581039e+00   4.114333e-01   6.575500e-03
  2.585732e+00   4.220467e-01   6.645154e-03
  2.590425e+00   4.108462e-01   6.693666e-03
  2.595119e+00   4.111237e-01   6.735706e-03
  2.599812e+00   4.115424e-01   6.578060e-03
  2.604505e+00   4.126241e-01   6.612376e-03
  2.609199e+00   4.206066e-01   6.683729e-03
  2.613892e+00   4.024255e-01   6.718227e-03
  2.618585e+00   4.025073e-01   6.533394e-03
  2.623279e+00   3.993554e-01   6.606049e-03
  2.627972e+00   3.952493e-01   6.617773e-03
  2.632665e+00   4.101149e-01   6.651836e-03
  2.637359e+00   4.030506e-01   6.576846e-03
  2.642052e+00   3.909202e-01   6.570639e-03
  2.646745e+00   4.081324e-01   6.583216e-03
  2.651438e+00   3.903389e-01   6.632130e-03
  2.656132e+00   3.985190e-01   6.606334e-03
  2.660825e+00   4.004421e-01   6.467974e-03
  2.665518e+00   3.948043e-01   6.553264e-03
  2.670212e+00   3.949163e-01   6.622530e-03
  2.674905e+00   3.917488e-01   6.586875e-03
  2.679598e+00   3.856183e-01   6.429571e-03
  2.684292e+00   3.776991e-01   6.538012e-03
  2.688985e+00   3.855034e-01   6.540862e-03
  2.693678e+00   3.858695e-01   6.594565e-03
  2.698372e+00   3.797176e-01   6.427217e-03
  2.703065e+00   3.722629e-01   6.511588e-03
  2.707758e+00   3.779387e-01   6.514157e-03
  2.712452e+00   3.657712e-01   6.523269e-03
  2.717145e+00   3.787020e-01   6.417436e-03
  2.721838e+00   3.672551e-01   6.473427e-03
  2.726532e+00   3.759309e-01   6.502407e-03
  2.731225e+00   3.786339e-01   6.499833e-03
  2.735918e+00   3.780166e-01   6.441382e-03
  2.740612e+00   3.734898e-01   6.393056e-03
  2.745305e+00   3.656465e-01   6.481766e-03
  2.749998e+00   3.539085e-01   6.467651e-03
  2.754692e+00   3.848666e-01   6.463264e-03
  2.759385e+00   3.637975e-01   6.336790e-03
  2.764078e+00   3.739241e-01   6.465507e-03
  2.768772e+00   3.604576e-01   6.409568e-03
  2.773465e+00   3.747936e-01   6.454205e-03
  2.778158e+00   3.749046e-01   6.345541e-03
  2.782852e+00   3.540779e-01   6.424141e-03
  2.787545e+00   3.622064e-01   6.381759e-03
  2.792238e+00   3.666826e-01   6.465228e-03
  2.796932e+00   3.665268e-01   6.313719e-03
  2.801625e+00   3.490526e-01   6.390179e-03
  2.806318e+00   3.469805e-01   6.354464e-03
  2.811012e+00   3.581899e-01   6.543308e-03
  2.815705e+00   3.608588e-01   6.635631e-03
  2.820398e+00   3.606504e-01   6.748364e-03
  2.825092e+00   3.545930e-01   6.801271e-03
  2.829785e+00   3.616164e-01   6.856324e-03
  2.834478e+00   3.567449e-01   6.879265e-03
  2.839172e+00   3.428121e-01   6.891844e-03
  2.843865e+00   3.557712e-01   6.893727e-03
  2.848558e+00   3.649766e-01   6.952189e-03
  2.853252e+00   3.433223e-01   6.965647e-03
  2.857945e+00   3.476056e-01   6.929177e-03
  2.862638e+00   3.346855e-01   6.957328e-03
  2.867332e+00   3.377663e-01   7.003622e-03
  2.872025e+00   3.417936e-01   7.013017e-03
  2.876718e+00   3.516835e-01   6.694704e-03
  2.881411e+00   3.354099e-01   6.686708e-03
  2.886105e+00   3.495618e-01   6.620206e-03
  2.890798e+00   3.321500e-01   6.548300e-03
  2.895491e+00   3.335365e-01   6.441129e-03
  2.900185e+00   3.341266e-01   6.454822e-03
  2.904878e+00   3.378169e-01   6.478566e-03
  2.909571e+00   3.399679e-01   6.473657e-03
  2.914265e+00   3.269270e-01   6.383165e-03
  2.918958e+00   3.319182e-01   6.410762e-03
  2.923651e+00   3.283418e-01   6.457357e-03
  2.928345e+00   3.262356e-01   6.371537e-03
  2.933038e+00   3.131840e-01   6.331318e-03
  2.937731e+00   3.371597e-01   6.377129e-03
  2.942425e+00   3.246621e-01   6.397936e-03
  2.947118e+00   3.172074e-01   6.353954e-03
  2.951811e+00   3.149464e-01   6.348816e-03
  2.956505e+00   3.279094e-01   6.283921e-03
  2.961198e+00   3.183252e-01   6.333940e-03
  2.965891e+00   3.165355e-01   6.344107e-03
  2.970585e+00   3.264557e-01   6.386582e-03
  2.975278e+00   3.154430e-01   6.197596e-03
  2.979971e+00   3.072687e-01   6.301408e-03
  2.984665e+00   3.106826e-01   6.293307e-03
  2.989358e+00   3.150380e-01   6.300494e-03
  2.994051e+00   3.223096e-01   6.235911e-03
  2.998745e+00   3.088277e-01   6.249877e-03
  3.003438e+00   3.050195e-01   6.264892e-03
  3.008131e+00   3.207342e-01   6.271000e-03
  3.012825e+00   3.241840e-01   6.218573e-03
  3.017518e+00   3.009591e-01   6.203726e-03
  3.022211e+00   3.107079e-01   6.246610e-03
  3.026905e+00   3.131597e-01   6.261614e-03
  3.031598e+00   3.000185e-01   6.145453e-03
  3.036291e+00   3.034469e-01   6.224130e-03
  3.040985e+00   3.151324e-01   6.219756e-03
  3.045678e+00   3.014021e-01   6.221503e-03
  3.050371e+00   2.955131e-01   6.142417e-03
  3.055065e+00   3.145940e-01   6.150723e-03
  3.059758e+00   3.023759e-01   6.198147e-03
  3.064451e+00   2.918072e-01   6.225471e-03
  3.069145e+00   2.993846e-01   6.160023e-03
  3.073838e+00   3.072473e-01   6.067197e-03
  3.078531e+00   3.112366e-01   6.152628e-03
  3.083225e+00   3.019542e-01   6.197958e-03
  3.087918e+00   2.966777e-01   6.172119e-03
  3.092611e+00   2.962103e-01   6.027553e-03
  3.097305e+00   3.070798e-01   6.118241e-03
  3.101998e+00   2.942025e-01   6.170530e-03
  3.106691e+00   2.950263e-01   6.151834e-03
  3.111384e+00   2.917390e-01   5.993746e-03
  3.116078e+00   2.815005e-01   6.083993e-03
  3.120771e+00   2.913028e-01   6.087152e-03
  3.125464e+00   2.940010e-01   6.197395e-03
  3.130158e+00   2.900263e-01   5.995877e-03
  3.134851e+00   2.797293e-01   6.084581e-03
  3.139544e+00   2.793768e-01   6.075501e-03
  3.144238e+00   2.921324e-01   6.124806e-03
  3.148931e+00   2.916641e-01   5.994125e-03
  3.153624e+00   2.738082e-01   5.990922e-03
  3.158318e+00   2.912376e-01   6.084155e-03
  3.163011e+00   2.780419e-01   6.094057e-03
  3.167704e+00   2.791042e-01   5.993374e-03
  3.172398e+00   2.806865e-01   5.995135e-03
  3.177091e+00   2.863077e-01   6.050393e-03
  3.181784e+00   2.706748e-01   6.062606e-03
  3.186478e+00   2.762882e-01   6.051009e-03
  3.191171e+00   2.784421e-01   5.871789e-03
  3.195864e+00   2.813846e-01   5.985411e-03
  3.200558e+00   2.794041e-01   6.007276e-03
  3.205251e+00   2.734138e-01   6.034982e-03
  3.209944e+00   2.867215e-01   5.874843e-03
  3.214638e+00   2.714547e-01   5.967974e-03
  3.219331e+00   2.706991e-01   5.980177e-03
  3.224024e+00   2.658481e-01   5.972359e-03
  3.228718e+00   2.674411e-01   5.908773e-03
  3.233411e+00   2.737683e-01   5.916817e-03
  3.238104e+00   2.679990e-01   5.968566e-03
  3.242798e+00   2.702055e-01   5.976197e-03
  3.247491e+00   2.642785e-01   5.908294e-03
  3.252184e+00   2.695239e-01   5.914538e-03
  3.256878e+00   2.701704e-01   5.969688e-03
  3.261571e+00   2.700662e-01   5.929022e-03
  3.266264e+00   2.770935e-01   5.920653e-03
  3.270958e+00   2.696008e-01   5.896599e-03
  3.275651e+00   2.720204e-01   5.946076e-03
  3.280344e+00   2.803379e-01   5.902524e-03
  3.285038e+00   2.705716e-01   5.923333e-03
  3.289731e+00   2.607274e-01   5.873874e-03
  3.294424e+00   2.651315e-01   5.900766e-03
  3.299118e+00   2.613028e-01   5.903864e-03
  3.303811e+00   2.657683e-01   5.941095e-03
  3.308504e+00   2.636855e-01   5.808950e-03
  3.313198e+00   2.628471e-01   5.898995e-03
  3.317891e+00   2.591130e-01   5.837535e-03
  3.322584e+00   2.691977e-01   5.900630e-03
  3.327277e+00   2.625599e-01   5.792643e-03
  3.331971e+00   2.579805e-01   5.900781e-03
  3.336664e+00   2.565794e-01   5.859224e-03
  3.341357e+00   2.548442e-01   5.845885e-03
  3.346051e+00   2.578734e-01   5.825384e-03
  3.350744e+00   2.546670e-01   5.856141e-03
  3.355437e+00   2.472025e-01   5.836540e-03
  3.360131e+00   2.585638e-01   5.810862e-03
  3.364824e+00   2.480769e-01   5.797566e-03
  3.369517e+00   2.603028e-01   5.947507e-03
  3.374211e+00   2.435141e-01   6.005636e-03
  3.378904e+00   2.471324e-01   6.092924e-03
  3.383597e+00   2.533320e-01   6.126431e-03
  3.388291e+00   2.534869e-01   6.228286e-03
  3.392984e+00   2.509834e-01   6.233344e-03
  3.397677e+00   2.532181e-01   6.185474e-03
  3.402371e+00   2.432911e-01   6.187141e-03
  3.407064e+00   2.429669e-01   6.217464e-03
  3.411757e+00   2.501324e-01   6.254534e-03
  3.416451e+00   2.423242e-01   6.269854e-03
  3.421144e+00   2.401967e-01   6.268664e-03
  3.425837e+00   2.402911e-01   6.238697e-03
  3.430531e+00   2.360721e-01   6.307544e-03
  3.435224e+00   2.498929e-01   6.304449e-03
  3.439917e+00   2.546680e-01   6.335082e-03
  3.444611e+00   2.452074e-01   6.259958e-03
  3.449304e+00   2.409698e-01   6.318610e-03
  3.453997e+00   2.422804e-01   6.353316e-03
  3.458691e+00   2.445141e-01   6.355183e-03
  3.463384e+00   2.367186e-01   6.303014e-03
  3.468077e+00   2.364888e-01   6.383144e-03
  3.472771e+00   2.310049e-01   6.408219e-03
  3.477464e+00   2.383700e-01   6.382602e-03
  3.482157e+00   2.296378e-01   6.331919e-03
  3.486851e+00   2.382551e-01   6.379939e-03
  3.491544e+00   2.295365e-01   6.380390e-03
  3.496237e+00   2.340117e-01   6.457811e-03
  3.500931e+00   2.342337e-01   6.381215e-03
  3.505624e+00   2.394869e-01   6.411103e-03
  3.510317e+00   2.316524e-01   6.403745e-03
  3.515011e+00   2.331207e-01   6.490827e-03
  3.519704e+00   2.229562e-01   6.402010e-03
  3.524397e+00   2.248656e-01   6.407601e-03
  3.529091e+00   2.346962e-01   6.447666e-03
  3.533784e+00   2.288608e-01   6.489981e-03
  3.538477e+00   2.183369e-01   6.487578e-03
  3.543171e+00   2.245268e-01   6.412664e-03
  3.547864e+00   2.312863e-01   6.436689e-03
  3.552557e+00   2.325394e-01   6.505257e-03
  3.557250e+00   2.361324e-01   6.545815e-03
  3.561944e+00   2.124021e-01   6.421168e-03
  3.566637e+00   2.165706e-01   6.461315e-03
  3.571330e+00   2.208832e-01   6.492522e-03
  3.576024e+00   2.216329e-01   6.576167e-03
  3.580717e+00   2.230604e-01   6.439586e-03
  3.585410e+00   2.267877e-01   6.457889e-03
  3.590104e+00   2.240789e-01   6.484509e-03
  3.594797e+00   2.122668e-01   6.512462e-03
  3.599490e+00   2.225959e-01   6.467201e-03
  3.604184e+00   2.192999e-01   6.437696e-03
  3.608877e+00   2.264460e-01   6.477429e-03
  3.613570e+00   2.084002e-01   6.730598e-03
  3.618264e+00   2.056680e-01   6.971868e-03
  3.622957e+00   2.341723e-01   6.912781e-03
  3.627650e+00   2.263184e-01   7.042810e-03
  3.632344e+00   2.313204e-01   7.116843e-03
  3.637037e+00   2.366748e-01   7.260232e-03
  3.641730e+00   2.173135e-01   7.178948e-03
  3.646424e+00   2.131207e-01   7.230029e-03
  3.651117e+00   2.180935e-01   7.249805e-03
  3.655810e+00   2.274966e-01   7.442020e-03
  3.660504e+00   2.170166e-01   7.324688e-03
  3.665197e+00   2.139581e-01   7.373643e-03
  3.669890e+00   2.037527e-01   7.402452e-03
  3.674584e+00   2.023505e-01   7.483319e-03
  3.679277e+00   2.182298e-01   7.541422e-03
  3.683970e+00   2.055833e-01   7.485118e-03
  3.688664e+00   2.177877e-01   7.518778e-03
  3.693357e+00   2.044362e-01   7.674107e-03
  3.698050e+00   2.306095e-01   7.620982e-03
  3.702744e+00   2.102337e-01   7.666044e-03
  3.707437e+00   2.022171e-01   7.617822e-03
  3.712130e+00   2.200351e-01   7.763150e-03
  3.716824e+00   2.059036e-01   7.755274e-03
  3.721517e+00   2.123739e-01   7.844298e-03
  3.726210e+00   2.050000e-01   7.755845e-03
  3.730904e+00   2.181831e-01   7.805279e-03
  3.735597e+00   2.016748e-01   7.889839e-03
  3.740290e+00   2.026271e-01   7.886110e-03
  3.744984e+00   2.072142e-01   7.957072e-03
  3.749677e+00   2.109289e-01   7.922474e-03
  3.754370e+00   2.053564e-01   8.026131e-03
  3.759064e+00   1.898432e-01   7.958550e-03
  3.763757e+00   2.045774e-01   8.092890e-03
  3.768450e+00   2.030088e-01   8.070195e-03
  3.773144e+00   2.071733e-01   8.124343e-03
  3.777837e+00   2.042872e-01   8.096143e-03
  3.782530e+00   2.043350e-01   8.173772e-03
  3.787223e+00   2.176943e-01   8.187249e-03
  3.791917e+00   1.931061e-01   8.254025e-03
  3.796610e+00   2.038257e-01   8.233184e-03
  3.801303e+00   2.059533e-01   8.263435e-03
  3.805997e+00   1.946154e-01   8.303008e-03
  3.810690e+00   2.009260e-01   8.396216e-03
  3.815383e+00   1.881042e-01   8.307034e-03
  3.820077e+00   2.011723e-01   8.361094e-03
  3.824770e+00   2.024060e-01   8.457352e-03
  3.829463e+00   1.857254e-01   8.488145e-03
  3.834157e+00   1.940243e-01   8.455187e-03
  3.838850e+00   1.983174e-01   8.501481e-03
  3.843543e+00   2.008384e-01   8.566934e-03
  3.848237e+00   2.166095e-01   8.624105e-03
  3.852930e+00   2.035959e-01   8.582442e-03
  3.857623e+00   2.056563e-01   8.594639e-03
  3.862317e+00   1.905930e-01   8.687381e-03
  3.867010e+00   1.866436e-01   8.733511e-03
  3.871703e+00   2.138569e-01   8.697006e-03
  3.876397e+00   1.864002e-01   8.680401e-03
  3.881090e+00   1.922220e-01   8.785827e-03
  3.885783e+00   1.906719e-01   8.898312e-03
  3.890477e+00   1.816796e-01   8.812139e-03
  3.895170e+00   1.668189e-01   8.772132e-03
  3.899863e+00   2.097020e-01   8.869979e-03
  3.904557e+00   1.833759e-01   9.017064e-03
  3.909250e+00   1.724206e-01   8.947344e-03
  3.913943e+00   1.882960e-01   8.900047e-03
  3.918637e+00   1.785063e-01   8.877064e-03
  3.923330e+00   1.931052e-01   9.068210e-03
  3.928023e+00   1.970039e-01   8.960866e-03
  3.932717e+00   1.789085e-01   9.034206e-03
  3.937410e+00   1.962142e-01   8.907144e-03
  3.942103e+00   2.053262e-01   9.054173e-03
  3.946797e+00   1.829932e-01   9.000329e-03
  3.951490e+00   1.800769e-01   9.142235e-03
  3.956183e+00   1.595044e-01   8.944169e-03
  3.960877e+00   1.874781e-01   9.061456e-03
  3.965570e+00   1.902590e-01   9.104746e-03
  3.970263e+00   1.728033e-01   9.170781e-03
  3.974957e+00   1.727751e-01   9.192231e-03
  3.979650e+00   1.796553e-01   9.174802e-03
  3.984343e+00   1.825521e-01   9.196860e-03
  3.989037e+00   1.846835e-01   9.250626e-03
  3.993730e+00   1.808471e-01   9.347585e-03
  3.998423e+00   1.732911e-01   9.356926e-03
  4.003117e+00   1.900049e-01   9.274078e-03
  4.007810e+00   1.764946e-01   9.380814e-03
  4.012503e+00   1.802308e-01   9.474840e-03
  4.017196e+00   1.732055e-01   9.549796e-03
  4.021890e+00   1.733992e-01   9.419012e-03
  4.026583e+00   1.819844e-01   9.458791e-03
  4.031276e+00   1.900010e-01   9.634899e-03
  4.035970e+00   1.738763e-01   9.563705e-03
  4.040663e+00   1.769572e-01   9.627284e-03
  4.045356e+00   1.910779e-01   9.638462e-03
  4.050050e+00   1.861918e-01   9.700024e-03
  4.054743e+00   1.676884e-01   9.650863e-03
  4.059436e+00   1.740234e-01   9.828228e-03
  4.064130e+00   1.901022e-01   9.760974e-03
  4.068823e+00   1.720711e-01   9.811626e-03
  4.073516e+00   1.811315e-01   9.805482e-03
  4.078210e+00   1.611821e-01   9.948393e-03
  4.082903e+00   1.769873e-01   9.897167e-03
  4.087596e+00   1.695365e-01   9.962074e-03
  4.092290e+00   1.718228e-01   9.984722e-03
  4.096983e+00   1.749669e-01   1.011064e-02
  4.101676e+00   1.635531e-01   9.982795e-03
  4.106370e+00   1.760652e-01   1.010087e-02
  4.111063e+00   1.638724e-01   1.011325e-02
  4.115756e+00   1.645102e-01   1.029405e-02
  4.120450e+00   1.831616e-01   1.014410e-02
  4.125143e+00   1.684255e-01   1.024705e-02
  4.129836e+00   1.708160e-01   1.028967e-02
  4.134530e+00   1.787030e-01   1.039667e-02
  4.139223e+00   1.697692e-01   1.033529e-02
  4.143916e+00   1.754187e-01   1.031459e-02
  4.148610e+00   1.648997e-01   1.048362e-02
  4.153303e+00   1.700555e-01   1.055404e-02
  4.157996e+00   1.845433e-01   1.058333e-02
  4.162690e+00   1.722454e-01   1.042542e-02
  4.167383e+00   1.649805e-01   1.060193e-02
  4.172076e+00   1.603213e-01   1.068334e-02
  4.176770e+00   1.920993e-01   1.080477e-02
  4.181463e+00   1.725871e-01   1.060315e-02
  4.186156e+00   1.585998e-01   1.072619e-02
  4.190850e+00   1.871753e-01   1.079093e-02
  4.195543e+00   1.783437e-01   1.094686e-02
  4.200236e+00   1.549591e-01   1.082965e-02
  4.204930e+00   1.611490e-01   1.088638e-02
  4.209623e+00   1.709056e-01   1.096108e-02
  4.214316e+00   1.743048e-01   1.117545e-02
  4.219010e+00   1.615901e-01   1.102659e-02
  4.223703e+00   1.590477e-01   1.098255e-02
  4.228396e+00   1.655492e-01   1.114704e-02
  4.233089e+00   1.581237e-01   1.132564e-02
  4.237783e+00   1.523048e-01   1.119492e-02
  4.242476e+00   1.615492e-01   1.114800e-02
  4.247169e+00   1.437838e-01   1.142481e-02
  4.251863e+00   1.923515e-01   1.151044e-02
  4.256556e+00   1.649114e-01   1.133320e-02
  4.261249e+00   1.534800e-01   1.142615e-02
  4.265943e+00   1.620944e-01   1.154166e-02
  4.270636e+00   1.616368e-01   1.173899e-02
  4.275329e+00   1.555219e-01   1.155215e-02
  4.280023e+00   1.966826e-01   1.160426e-02
  4.284716e+00   1.646271e-01   1.170737e-02
  4.289409e+00   1.684460e-01   1.199785e-02
  4.294103e+00   1.499484e-01   1.173552e-02
  4.298796e+00   1.481568e-01   1.178833e-02
  4.303489e+00   1.815385e-01   1.194062e-02
  4.308183e+00   1.393827e-01   1.207028e-02
  4.312876e+00   1.649163e-01   1.212795e-02
  4.317569e+00   1.493535e-01   1.188313e-02
  4.322263e+00   1.803262e-01   1.220479e-02
  4.326956e+00   1.483194e-01   1.233479e-02
  4.331649e+00   1.704791e-01   1.227959e-02
  4.336343e+00   1.666173e-01   1.224149e-02
  4.341036e+00   1.658238e-01   1.237571e-02
  4.345729e+00   1.685015e-01   1.246085e-02
  4.350423e+00   1.464265e-01   1.256660e-02
  4.355116e+00   1.295540e-01   1.245562e-02
  4.359809e+00   1.656280e-01   1.258648e-02
  4.364503e+00   1.588130e-01   1.268247e-02
  4.369196e+00   1.815628e-01   1.291549e-02
  4.373889e+00   1.492317e-01   1.269939e-02
  4.378583e+00   1.531042e-01   1.275456e-02
  4.383276e+00   1.581013e-01   1.289503e-02
  4.387969e+00   1.366738e-01   1.315750e-02
  4.392663e+00   1.522775e-01   1.265120e-02
  4.397356e+00   1.433729e-01   1.283998e-02
  4.402049e+00   1.408978e-01   1.296588e-02
  4.406743e+00   1.610195e-01   1.318301e-02
  4.411436e+00   1.466748e-01   1.275754e-02
  4.416129e+00   1.650000e-01   1.286825e-02
  4.420823e+00   1.470604e-01   1.303688e-02
  4.425516e+00   1.651840e-01   1.333441e-02
  4.430209e+00   1.607342e-01   1.282198e-02
  4.434903e+00   1.476407e-01   1.307341e-02
  4.439596e+00   1.412872e-01   1.321808e-02
  4.444289e+00   1.613437e-01   1.361171e-02
  4.448983e+00   1.396573e-01   1.311833e-02
  4.453676e+00   1.486670e-01   1.335648e-02
  4.458369e+00   1.558432e-01   1.344138e-02
  4.463062e+00   1.538062e-01   1.375661e-02
  4.467756e+00   1.498150e-01   1.364491e-02
  4.472449e+00   1.533126e-01   1.350239e-02
  4.477142e+00   1.749153e-01   1.374328e-02
  4.481836e+00   1.605550e-01   1.410697e-02
  4.486529e+00   1.532502e-01   1.403904e-02
  4.491222e+00   1.504771e-01   1.379680e-02
  4.495916e+00   1.278763e-01   1.402238e-02
  4.500609e+00   1.595385e-01   1.430431e-02
  4.505302e+00   1.390964e-01   1.431597e-02
  4.509996e+00   1.477001e-01   1.414567e-02
  4.514689e+00   1.627722e-01   1.440461e-02
  4.519382e+00   1.502415e-01   1.464735e-02
  4.524076e+00   1.599416e-01   1.480147e-02
  4.528769e+00   1.517439e-01   1.453409e-02
  4.533462e+00   1.676553e-01   1.472007e-02
  4.538156e+00   1.697429e-01   1.501420e-02
  4.542849e+00   1.637595e-01   1.530317e-02
  4.547542e+00   1.498520e-01   1.492207e-02
  4.552236e+00   1.529669e-01   1.492256e-02
  4.556929e+00   1.491626e-01   1.537615e-02
  4.561622e+00   1.508802e-01   1.568459e-02
  4.566316e+00   1.590010e-01   1.528820e-02
  4.571009e+00   1.621685e-01   1.537685e-02
  4.575702e+00   1.739318e-01   1.574437e-02
  4.580396e+00   1.788442e-01   1.633122e-02
  4.585089e+00   1.528754e-01   1.565872e-02
  4.589782e+00   1.490779e-01   1.584097e-02
  4.594476e+00   1.658909e-01   1.611314e-02
  4.599169e+00   1.219104e-01   1.680961e-02
  4.603862e+00   1.566018e-01   1.609202e-02
  4.608556e+00   1.459387e-01   1.634850e-02
  4.613249e+00   1.526602e-01   1.660189e-02
  4.617942e+00   1.522103e-01   1.710157e-02
  4.622636e+00   1.159387e-01   1.675658e-02
  4.627329e+00   1.414265e-01   1.682456e-02
  4.632022e+00   1.267877e-01   1.712845e-02
  4.636716e+00   1.290068e-01   1.752276e-02
  4.641409e+00   1.374937e-01   1.751504e-02
  4.646102e+00   1.518530e-01   1.733537e-02
  4.650796e+00   1.591091e-01   1.768882e-02
  4.655489e+00   1.325102e-01   1.808460e-02
  4.660182e+00   1.287848e-01   1.848495e-02
  4.664876e+00   1.195414e-01   1.787833e-02
  4.669569e+00   1.252093e-01   1.810849e-02
  4.674262e+00   1.129883e-01   1.861249e-02
  4.678956e+00   1.383359e-01   1.945460e-02
  4.683649e+00   1.587829e-01   1.846318e-02
  4.688342e+00   1.257507e-01   1.885371e-02
  4.693035e+00   1.466962e-01   1.919781e-02
  4.697729e+00   1.680906e-01   2.046777e-02
  4.702422e+00   1.476164e-01   1.935366e-02
  4.707115e+00   1.492337e-01   1.961581e-02
  4.711809e+00   1.277478e-01   2.007292e-02
  4.716502e+00   1.906271e-01   2.134961e-02
  4.721195e+00   1.285034e-01   2.020316e-02
  4.725889e+00   1.348130e-01   2.054045e-02
  4.730582e+00   1.735599e-01   2.112803e-02
  4.735275e+00   1.290039e-01   2.231599e-02
  4.739969e+00   1.499942e-01   2.113657e-02
  4.744662e+00   1.344878e-01   2.142935e-02
  4.749355e+00   1.797731e-01   2.219663e-02
  4.754049e+00   1.609932e-01   2.292704e-02
  4.758742e+00   1.250604e-01   2.294823e-02
  4.763435e+00   1.210419e-01   2.274248e-02
  4.768129e+00   1.534362e-01   2.335826e-02
  4.772822e+00   9.231646e-02   2.406649e-02
  4.777515e+00   1.311422e-01   2.416122e-02
  4.782209e+00   1.457001e-01   2.435833e-02
  4.786902e+00   9.323856e-02   2.466365e-02
  4.791595e+00   1.287829e-01   2.577314e-02
  4.796289e+00   1.538150e-01   2.565059e-02
  4.800982e+00   1.122084e-01   2.615844e-02
  4.805675e+00   1.300818e-01   2.656111e-02
  4.810369e+00   8.788705e-02   2.780598e-02
  4.815062e+00   1.407965e-01   2.735789e-02
  4.819755e+00   1.429406e-01   2.825244e-02
  4.824449e+00   1.052425e-01   2.874532e-02
  4.829142e+00   1.673505e-01   3.026139e-02
  4.833835e+00   1.307361e-01   2.975974e-02
  4.838529e+00   1.207225e-01   3.106042e-02
  4.843222e+00   1.568403e-01   3.216204e-02
  4.847915e+00   1.430516e-01   3.341715e-02
  4.852609e+00   1.533038e-01   3.309379e-02
  4.857302e+00   1.208267e-01   3.489987e-02
  4.861995e+00   1.335131e-01   3.632591e-02
  4.866689e+00   1.741655e-01   3.660704e-02
  4.871382e+00   1.680467e-01   3.866935e-02
  4.876075e+00   1.348471e-01   4.117246e-02
  4.880769e+00   8.332717e-02   4.211927e-02
  4.885462e+00   6.923953e-02   4.284355e-02
  4.890155e+00   3.502532e-02   4.663089e-02
  4.894849e+00   8.353554e-02   5.084064e-02
  4.899542e+00   1.032249e-01   5.080314e-02
  4.904235e+00   9.282571e-02   5.664867e-02
  4.908928e+00   9.526972e-02   6.706592e-02
  4.913622e+00   1.852210e-01   7.324529e-02
  4.918315e+00   7.694158e-02   7.528124e-02
  4.923008e+00   1.063651e-01   9.130954e-02
  4.927702e+00  -4.820935e-03   4.723387e-02
